hermite
126 288 144 360 60 -5 80 -32
line
115 328 0 150 328 0
bezier
175 288 155 312 155 336 175 360
bezier
230 288 250 312 250 336 230 360
bezier
190 330 290 330 115 305 215 305
line
100 270 0 250 270 0
bezier
110 250 210 250 45 225 145 225
line
160 237 0 180 237 0
hermite
238 231 227 255 -106 -84 127 52
line
246 215 0 227 255 0
ident
move
40 -25 0
apply
bezier
339 226 301 232 308 260 343 250
line
339 226 0 347 274 0
bezier
350 250 450 250 275 225 375 225
hermite
80 150 100 350 200 -200 200 -200
circle
90 250 0 9
display
save
face.png
